Hash Distribution Results
=========================

Hash Value	Occurrences
0		120
1		120
2		143
3		159
4		129
5		272
6		139
7		122
8		176
9		638
10		165
11		391
12		187
13		150
14		144
15		727
16		637
17		200
18		400
19		151
20		149
21		142
22		164
23		331
24		387
25		163
26		156
27		144
28		184
29		127
30		556
31		377
32		631
33		146
34		135
35		131
36		176
37		115
38		189
39		149
40		143
41		625
42		166
43		188
44		415
45		162
46		386
47		133
48		134
49		159
50		150
51		157
52		145
53		118
54		132
55		171
56		775
57		165
58		191
59		162
60		203
61		154
62		136
63		149
64		355
65		149
66		138
67		115
68		154
69		153
70		162
71		127
72		133
73		379
74		362
75		151
76		184
77		154
78		156
79		139
80		132
81		391
82		159
83		153
84		119
85		161
86		159
87		118
88		162
89		220
90		156
91		150
92		390
93		637
94		140
95		136
96		126
97		142
98		171
99		117
100		373
101		381
102		160
103		149
104		446
105		275
106		152
107		176
108		186
109		411
110		135
111		146
112		487
113		160
114		129
115		405
116		175
117		373
118		365
119		130
120		118
121		318
122		149
123		420
124		166
125		145
126		378
127		405
128		523
129		161
130		157
131		135
132		646
133		160
134		140
135		358
136		883
137		160
138		154
139		163
140		246
141		144
142		372
143		168
144		134
145		159
146		633
147		134
148		159
149		141
150		226
151		122
152		142
153		375
154		495
155		156
156		123
157		127
158		420
159		360
160		325
161		178
162		155
163		167
164		149
165		144
166		393
167		429
168		176
169		406
170		134
171		139
172		389
173		173
174		136
175		147
176		164
177		128
178		169
179		454
180		140
181		155
182		156
183		143
184		144
185		149
186		157
187		152
188		142
189		128
190		133
191		367
192		142
193		506
194		142
195		145
196		213
197		385
198		157
199		159
200		391
201		159
202		159
203		471
204		169
205		147
206		169
207		158
208		146
209		269
210		223
211		135
212		396
213		571
214		185
215		216
216		135
217		160
218		149
219		383
220		140
221		377
222		166
223		533
224		256
225		135
226		124
227		154
228		136
229		391
230		362
231		624
232		158
233		162
234		360
235		136
236		157
237		296
238		148
239		625
240		157
241		162
242		391
243		133
244		154
245		188
246		136
247		153
248		426
249		610
250		153
251		414
252		148
253		128
254		188
255		123
